C     = 0.0109827426343
lam   = -7.40351104294
chi   = -8.7264284548
mu    = 13.7412931634
kappa = 3.52304766319
