C = 0.4937791412285768
mu = 91.00273562959293
chi = 70.80271471086894
lam = 48.310328149135955
kappa = 44.51546554244253
