C = 1.0173455668215066
mu = 96.14904774415754
chi = 92.31092285455514
lam = 67.85263961195318
kappa = 80.65798709566604
