C = 0.1889453990699603
mu = 6.829336059359091
omega = 1.2182722042941245
chi = 3.4476634325823348
lam = 1.8692300218330449
kappa = 5.104070974078532
