C = 0.20633984032902283
mu = 6.770087175853054
omega = 1.2846089584865992
chi = 5.874584613868262
lam = 4.776894925060852
kappa = 7.702299723347437
